

-0.70436782 -1.30266229 0.32779113 0.27708789 1.46496256 0.35781402 -0.67868094 -0.24109188 0.82576535 0.36796915 0.42781899 -0.80130525 0.21077477 -0.19433866 0.25043018 0.71189664 0.64904229 -0.42898956 -0.27961481 0.92741123 -0.65038511 0.42358567 -1.07812139 0.15614264 0.59096751 -0.7967547 -0.25752066 -1.68847912 0.11627149 0.0201315 
0.70634546 -0.87933761 -0.8904435 0.1138904 -0.80066112 -0.70628071 0.78850813 -0.06427448 0.07337438 -0.66361378 0.36916349 0.28099325 -1.20274189 1.23280313 0.45024581 0.45929371 -0.12271435 -0.31227505 0.22258747 0.45323049 -0.73063562 0.37966282 0.29090098 -0.53430278 -0.59620303 -1.00517738 0.70942985 0.1976557 -0.64425891 0.4237421 
0.25535141 0.26559409 -1.13031321 0.34675875 -0.0297957 0.13271493 0.39909381 -0.8981039 -1.88993457 0.03178094 0.34492896 0.51364788 0.5614873 -0.17747208 -0.20975445 -0.56774077 0.02227209 -0.15921349 0.04720497 0.38561616 0.31174628 0.71339871 0.0718175 -0.05110666 0.70448812 -1.24627767 -0.46790008 -0.49529427 1.44362678 0.14607724
-0.83204892 0.85249392 1.18245769 0.23547252 -0.32024619 -0.01795999 1.0306102 -0.20343131 -0.90981665 -0.63096699 -0.61732849 0.46321819 0.17042869 -1.14414733 0.91064659 0.06687118 -1.13612912 -0.24972696 -0.41369937 0.8213696 0.11274676 -0.12362279 -1.0591704 -0.68822225 -1.11808857 -0.37577522 0.1714968 1.42215503 -0.1209009 -0.08242503
-0.45325048 -0.67677262 -0.22167451 -1.43114811 -0.17351482 -0.65778629 0.21887715 1.296299 0.59817878 -0.33150226 0.47659663 0.60922476 0.50385704 1.10881976 -0.09625122 0.27477932 -0.1485439 0.38251932 0.58731637 -1.20759477 -0.24952138 -0.38121171 0.03095268 -0.57613397 0.8537713 0.18585945 -0.72900244 -0.50608382 -0.64987177 -0.01984179
-0.0055696 -0.14228776 -0.99276585 -0.30852231 -0.71519401 0.14849263 -0.58720698 -0.90514501 0.52480098 -1.45577386 0.69266192 -0.17674719 -0.17783068 -0.12653476 0.95303607 0.90740174 0.69606665 0.54491048 -0.3729757 -0.23159496 0.29321646 -0.01549732 -0.42371694 0.54251613 -1.19076915 1.62711835 -1.12509917 0.52050036 0.09283312 0.04162631
-0.55218259 -0.74244044 -0.14783822 0.22902447 -1.01571183 -0.6522762 -0.3592267 0.21509864 -1.4662682 1.68771994 0.54630825 -0.9927988 0.79980286 -0.50055803 0.54171175 -0.02735815 0.21961597 -0.79610957 0.14538154 -0.05472955 0.27622524 0.29079265 0.77651814 -1.12930917 -0.13231463 0.60163145 -0.65224609 0.19923163 -0.92396583 0.82373327
1.096881 0.98364411 0.21568581 -0.63311795 0.71101294 0.40296243 -0.34491212 1.1488084 -0.93761784 -0.50632301 -0.77139557 -0.64866274 0.07016685 0.17500536 0.01809258 0.07403152 -0.92874086 0.75563207 0.87389851 -0.60605925 -0.31009629 -0.76331497 0.36156489 0.11018365 -0.75430132 -0.68394679 -0.93401601 -0.01770702 0.25756558 -0.21195156
-0.03653253 0.5362695 0.99139574 -0.53812561 -0.48953588 -0.26294838 -0.82487955 -0.49271292 0.53915485 0.93154927 0.25565317 -0.30594121 -0.38285009 0.60841417 0.06612076 0.24761245 -0.05532202 -0.63806651 -1.25627719 -0.06017323 0.0615889 0.56742298 1.20094686 -0.24731288 -0.63270339 -0.56056657 0.66476843 -0.08960923 0.67495305 -0.27916901
-0.68920062 -0.11175505 -0.42639992 0.09185046 0.05124872 -0.58769392 -0.52643371 0.95917551 1.12258321 -0.42314164 0.44358335 -0.76642812 0.40209776 -0.7361693 -0.69731216 -0.94025694 -0.62617507 0.0815874 0.32183546 -0.2496834 -0.33062631 1.40905222 -0.88304856 0.92208861 -0.10482384 -0.15763317 0.63200127 0.88897928 -0.19810657 -0.11020983